
nets = [
    5
1
2
5
7
5
8
7
8
4
14
15
16
16
7
7
7
14
14
7
3
3
11
8
5
5
3
3
9
1
1
1
1
3
1
1
1
1
2
3
12
12
12
5
1
1
1
1
12
1
12
12
2
1
12
1
1
1
2
11
11
11
3
4
4
4
4
4
4
4
3
3
14
12
11
3
4
8
11
11
3
3
9
3
11
11
12
12
15
7
12
12
15
5
12
8
7
7
7
12
3
4
3
4
3
12
12
8
8
12
3
3
12
5
14
5
5
14
14
14
14
14
14
14
14
5
5
14
14
16
7
7
14
14
14
7
7
7
7
7
7
14
16
14
5
5
3
8
8
5
5
5
3
5
12
5
5
11
14
4
11
5
1
2
5
7
8
8
7
8
4
14
15
16
7
7
7
14
14
3
3
8
9
5
3
5
3
3
12
1
1
3
1
1
1
3
2
3
12
5
1
1
12
1
1
1
1
12
1
1
12
2
1
1
1
1
1
2
3
5
11
11
3
4
5
11
4
11
11
4
11
4
4
3
3
12
11
3
4
8
11
11
11
4
3
3
9
3
3
12
7
12
12
15
7
7
5
7
5
8
8
12
7
7
7
12
7
4
4
1
12
8
8
3
12
8
8
5
5
14
14
14
14
14
14
14
14
14
14
5
14
14
7
16
16
14
14
7
7
14
14
14
14
14
14
14
7
7
7
7
7
14
16
14
5
5
3
3
8
8
5
5
5
5
5
5
8
8
4
4
5
11
11
10
10
10
10
10
10
10
10
10
10
10
10
10
10
10
10
10
10
10
10
10
10
10
10
10
10
10
10
10
10
10
10
10
10
10
10
10
10
10
10
10
10
10
10
10
10
10
10
10
10
10
10
10
10
13
13
13
13
13
13
13
13
13
13
13
13
13
13
13
13
13
13
13
13
13
13
13
13
13
13
13
13
13
13
13
13
13
13
];